Sat.UTCGregorian	Sat.ElapsedSecs	Sat.Earth.LST	Sat.EulerAngle1	Sat.EulerAngle2	Sat.EulerAngle3	Sat.EarthMJ2000Eq.X	Sat.EarthMJ2000Eq.Y	Sat.EarthMJ2000Eq.Z	Sat.Earth.Altitude	Sat.Earth.BetaAngle	Sun.EarthMJ2000Eq.X	Sun.EarthMJ2000Eq.Y	Sun.EarthMJ2000Eq.Z	Sat.EarthMJ2000Eq.AOP	Sat.EarthMJ2000Eq.RAAN	Sat.EarthMJ2000Eq.INC	Sat.Earth.ECC	Sat.Earth.SMA	Sat.Earth.TA	Sat.Earth.OrbitPeriod
20 Jun 2012 12:00:43.200	43.2	168.38	-11.803	55.883	-14.368	-3866.1	807.87	5829.9	678.35	58.553	1.634e+06	1.3948e+08	6.0466e+07	271.98	180.17	98	0.0013259	7034.2	144.74	5871.3
20 Jun 2012 12:01:26.400	86.4	167.13	-13.055	58.437	-15.421	-3590.8	832.65	6000.3	679.46	58.552	1.6328e+06	1.3948e+08	6.0466e+07	271.88	180.17	98.001	0.001453	7033.5	147.48	5870.4
20 Jun 2012 12:02:09.600	129.6	165.69	-14.503	60.977	-16.673	-3307.8	855.66	6158	680.55	58.552	1.6315e+06	1.3948e+08	6.0466e+07	272.33	180.17	98.001	0.0015793	7032.8	149.68	5869.5
20 Jun 2012 12:02:52.800	172.8	163.99	-16.202	63.498	-18.177	-3017.8	876.86	6302.6	681.58	58.551	1.6302e+06	1.3948e+08	6.0466e+07	273.21	180.17	98.002	0.0017031	7032.1	151.44	5868.6
20 Jun 2012 12:03:36.000	216	161.98	-18.228	65.995	-20.011	-2721.4	896.19	6433.7	682.57	58.551	1.629e+06	1.3948e+08	6.0466e+07	274.43	180.17	98.002	0.0018228	7031.5	152.86	5867.9
20 Jun 2012 12:04:19.200	259.2	159.53	-20.69	68.46	-22.282	-2419.2	913.63	6551.2	683.5	58.551	1.6277e+06	1.3948e+08	6.0466e+07	275.92	180.17	98.002	0.0019373	7030.9	154.01	5867.2
20 Jun 2012 12:05:02.400	302.4	156.49	-23.747	70.879	-25.151	-2111.9	929.13	6654.8	684.37	58.55	1.6264e+06	1.3948e+08	6.0466e+07	277.63	180.18	98.003	0.0020456	7030.4	154.95	5866.5
20 Jun 2012 12:05:45.600	345.6	152.62	-27.64	73.233	-28.856	-1800.1	942.66	6744.2	685.17	58.55	1.6252e+06	1.3948e+08	6.0466e+07	279.51	180.18	98.003	0.0021468	7030	155.71	5866
20 Jun 2012 12:06:28.800	388.8	147.57	-32.732	75.491	-33.762	-1484.5	954.19	6819.4	685.89	58.55	1.6239e+06	1.3948e+08	6.0466e+07	281.54	180.18	98.003	0.0022401	7029.6	156.32	5865.5
20 Jun 2012 12:07:12.000	432	140.78	-39.581	77.601	-40.425	-1165.7	963.71	6880	686.55	58.55	1.6227e+06	1.3948e+08	6.0466e+07	283.68	180.18	98.003	0.0023248	7029.3	156.82	5865.1
20 Jun 2012 12:07:55.200	475.2	131.45	-48.99	79.473	-49.65	-844.52	971.18	6926	687.12	58.55	1.6214e+06	1.3948e+08	6.0466e+07	285.93	180.18	98.004	0.0024004	7029	157.21	5864.8
20 Jun 2012 12:08:38.400	518.4	118.65	-61.897	80.958	-62.373	-521.52	976.6	6957.4	687.61	58.549	1.6201e+06	1.3948e+08	6.0466e+07	288.25	180.18	98.004	0.0024663	7028.9	157.53	5864.6
20 Jun 2012 12:09:21.600	561.6	102.03	-78.61	81.843	-78.902	-197.42	979.95	6973.9	688.02	58.549	1.6189e+06	1.3948e+08	6.0466e+07	290.65	180.18	98.004	0.0025223	7028.8	157.77	5864.5
20 Jun 2012 12:10:04.800	604.8	83.278	-97.38	81.927	-97.489	127.1	981.23	6975.7	688.34	58.549	1.6176e+06	1.3948e+08	6.0466e+07	293.11	180.18	98.004	0.002568	7028.8	157.95	5864.5
20 Jun 2012 12:10:48.000	648	65.862	-114.72	81.188	-114.64	451.35	980.44	6962.7	688.58	58.549	1.6163e+06	1.3948e+08	6.0466e+07	295.61	180.18	98.004	0.0026033	7028.9	158.09	5864.6
20 Jun 2012 12:11:31.200	691.2	52.081	-128.39	79.804	-128.13	774.64	977.56	6934.9	688.73	58.549	1.6151e+06	1.3948e+08	6.0466e+07	298.15	180.18	98.004	0.0026279	7029	158.18	5864.8
20 Jun 2012 12:12:14.400	734.4	41.966	-138.42	77.996	-137.98	1096.3	972.63	6892.4	688.8	58.55	1.6138e+06	1.3948e+08	6.0466e+07	300.73	180.19	98.003	0.0026418	7029.2	158.25	5865.1
20 Jun 2012 12:12:57.600	777.6	34.623	-145.7	75.926	-145.07	1415.6	965.63	6835.3	688.78	58.55	1.6125e+06	1.3948e+08	6.0466e+07	303.33	180.19	98.003	0.0026452	7029.5	158.29	5865.4
20 Jun 2012 12:13:40.800	820.8	29.194	-151.09	73.694	-150.27	1732	956.59	6763.6	688.68	58.55	1.6113e+06	1.3948e+08	6.0466e+07	305.94	180.19	98.003	0.0026379	7029.9	158.31	5865.9
20 Jun 2012 12:14:24.000	864	25.07	-155.18	71.358	-154.18	2044.7	945.53	6677.7	688.5	58.55	1.61e+06	1.3948e+08	6.0466e+07	308.57	180.19	98.003	0.0026204	7030.3	158.32	5866.4
20 Jun 2012 12:15:07.200	907.2	21.849	-158.38	68.953	-157.19	2353	932.47	6577.6	688.25	58.55	1.6087e+06	1.3948e+08	6.0466e+07	311.2	180.19	98.002	0.0025927	7030.8	158.33	5867
20 Jun 2012 12:15:50.400	950.4	19.27	-160.95	66.5	-159.57	2656.4	917.44	6463.5	687.92	58.551	1.6075e+06	1.3948e+08	6.0466e+07	313.83	180.19	98.002	0.0025552	7031.3	158.34	5867.7
20 Jun 2012 12:16:33.600	993.6	17.157	-163.05	64.013	-161.48	2954.2	900.46	6335.7	687.52	58.551	1.6062e+06	1.3948e+08	6.0466e+07	316.45	180.19	98.002	0.0025083	7032	158.35	5868.5
20 Jun 2012 12:17:16.800	1036.8	15.393	-164.8	61.501	-163.04	3245.7	881.58	6194.5	687.06	58.552	1.6049e+06	1.3948e+08	6.0466e+07	319.05	180.19	98.001	0.0024525	7032.6	158.39	5869.3
20 Jun 2012 12:18:00.000	1080	13.894	-166.3	58.969	-164.34	3530.3	860.84	6040.1	686.54	58.552	1.6037e+06	1.3948e+08	6.0466e+07	321.63	180.19	98.001	0.0023882	7033.3	158.46	5870.2
20 Jun 2012 12:18:43.200	1123.2	12.601	-167.58	56.423	-165.42	3807.5	838.27	5873	685.96	58.552	1.6024e+06	1.3948e+08	6.0466e+07	324.16	180.19	98.001	0.002316	7034.1	158.56	5871.1
20 Jun 2012 12:19:26.400	1166.4	11.472	-168.71	53.865	-166.35	4076.6	813.93	5693.3	685.34	58.553	1.6011e+06	1.3948e+08	6.0466e+07	326.65	180.19	98	0.0022366	7034.8	158.71	5872.1
20 Jun 2012 12:20:09.600	1209.6	10.473	-169.7	51.297	-167.14	4337.1	787.87	5501.6	684.67	58.553	1.5999e+06	1.3948e+08	6.0466e+07	329.06	180.19	98	0.0021506	7035.6	158.93	5873.1
20 Jun 2012 12:20:52.800	1252.8	9.5812	-170.59	48.723	-167.82	4588.4	760.14	5298.2	683.97	58.554	1.5986e+06	1.3948e+08	6.0466e+07	331.4	180.19	97.999	0.0020588	7036.4	159.23	5874.1
20 Jun 2012 12:21:36.000	1296	8.7762	-171.4	46.142	-168.41	4830	730.8	5083.6	683.24	58.554	1.5973e+06	1.3948e+08	6.0466e+07	333.63	180.2	97.999	0.0019618	7037.3	159.64	5875.1
20 Jun 2012 12:22:19.200	1339.2	8.0437	-172.13	43.556	-168.93	5061.3	699.91	4858.1	682.49	58.555	1.5961e+06	1.3948e+08	6.0466e+07	335.73	180.2	97.998	0.0018607	7038.1	160.17	5876.2
20 Jun 2012 12:23:02.400	1382.4	7.3717	-172.8	40.965	-169.38	5282	667.55	4622.4	681.73	58.555	1.5948e+06	1.3948e+08	6.0466e+07	337.67	180.2	97.998	0.0017562	7038.9	160.87	5877.2
20 Jun 2012 12:23:45.600	1425.6	6.7507	-173.42	38.371	-169.78	5491.4	633.76	4376.8	680.95	58.556	1.5935e+06	1.3948e+08	6.0466e+07	339.41	180.2	97.997	0.0016494	7039.8	161.77	5878.3
20 Jun 2012 12:24:28.800	1468.8	6.1728	-173.99	35.774	-170.13	5689.2	598.63	4121.9	680.18	58.556	1.5923e+06	1.3948e+08	6.0466e+07	340.89	180.2	97.997	0.0015413	7040.6	162.92	5879.3
20 Jun 2012 12:25:12.000	1512	5.6317	-174.53	33.175	-170.43	5875	562.24	3858.3	679.4	58.557	1.591e+06	1.3948e+08	6.0466e+07	342.07	180.2	97.996	0.0014331	7041.4	164.39	5880.3
20 Jun 2012 12:25:55.200	1555.2	5.1219	-175.04	30.573	-170.7	6048.3	524.65	3586.5	678.64	58.557	1.5897e+06	1.3948e+08	6.0466e+07	342.85	180.2	97.996	0.0013261	7042.1	166.24	5881.2
20 Jun 2012 12:26:38.400	1598.4	4.6388	-175.52	27.969	-170.94	6208.7	485.95	3307	677.9	58.557	1.5885e+06	1.3948e+08	6.0466e+07	343.15	180.2	97.995	0.0012218	7042.9	168.58	5882.1
20 Jun 2012 12:27:21.600	1641.6	4.1786	-175.98	25.363	-171.15	6356	446.22	3020.5	677.19	58.558	1.5872e+06	1.3948e+08	6.0466e+07	342.86	180.2	97.995	0.0011219	7043.5	171.51	5883
20 Jun 2012 12:28:04.800	1684.8	3.7379	-176.42	22.756	-171.33	6489.8	405.54	2727.6	676.5	58.558	1.5859e+06	1.3948e+08	6.0466e+07	341.85	180.2	97.995	0.0010284	7044.2	175.16	5883.8
20 Jun 2012 12:28:48.000	1728	3.3138	-176.85	20.148	-171.48	6609.9	364	2428.9	675.85	58.559	1.5847e+06	1.3948e+08	6.0466e+07	339.99	180.2	97.994	0.00094375	7044.8	179.65	5884.5
20 Jun 2012 12:29:31.200	1771.2	2.9036	-177.26	17.539	-171.61	6715.9	321.69	2125	675.24	58.559	1.5834e+06	1.3948e+08	6.0466e+07	337.2	180.2	97.994	0.00087064	7045.3	185.09	5885.2
20 Jun 2012 12:30:14.400	1814.4	2.5052	-177.66	14.929	-171.73	6807.7	278.7	1816.6	674.67	58.559	1.5821e+06	1.3948e+08	6.0466e+07	333.44	180.2	97.994	0.00081197	7045.8	191.48	5885.8
20 Jun 2012 12:30:57.600	1857.6	2.1164	-178.04	12.318	-171.82	6885	235.11	1504.3	674.16	58.559	1.5809e+06	1.3948e+08	6.0466e+07	328.85	180.2	97.994	0.0007705	7046.2	198.71	5886.3
20 Jun 2012 12:31:40.800	1900.8	1.7353	-178.43	9.7061	-171.89	6947.7	191.03	1188.8	673.69	58.56	1.5796e+06	1.3948e+08	6.0466e+07	323.74	180.2	97.993	0.00074824	7046.5	206.45	5886.7
20 Jun 2012 12:32:24.000	1944	1.3601	-178.8	7.0939	-171.94	6995.6	146.53	870.77	673.29	58.56	1.5783e+06	1.3948e+08	6.0466e+07	318.58	180.2	97.993	0.00074577	7046.7	214.26	5887
20 Jun 2012 12:33:07.200	1987.2	0.98919	-179.17	4.4812	-171.98	7028.6	101.73	550.9	672.94	58.56	1.5771e+06	1.3948e+08	6.0466e+07	313.85	180.2	97.993	0.00076201	7046.9	221.63	5887.2
20 Jun 2012 12:33:50.400	2030.4	0.62095	-179.54	1.8682	-172	7046.8	56.715	229.86	672.65	58.56	1.5758e+06	1.3948e+08	6.0466e+07	309.94	180.2	97.993	0.00079441	7047	228.17	5887.4
20 Jun 2012 12:34:33.600	2073.6	0.25382	-179.91	-0.74506	-172.01	7049.9	11.577	-91.681	672.42	58.56	1.5745e+06	1.3948e+08	6.0466e+07	307.05	180.2	97.993	0.00083968	7047.1	233.7	5887.4
20 Jun 2012 12:35:16.800	2116.8	359.89	179.73	-3.3584	-171.99	7038.1	-33.586	-413.02	672.25	58.56	1.5733e+06	1.3948e+08	6.0466e+07	305.22	180.2	97.993	0.00089449	7047	238.17	5887.3
20 Jun 2012 12:36:00.000	2160	359.52	179.36	-5.9718	-171.96	7011.4	-78.678	-733.48	672.15	58.56	1.572e+06	1.3948e+08	6.0466e+07	304.36	180.2	97.993	0.00095587	7046.9	241.67	5887.2
20 Jun 2012 12:36:43.200	2203.2	359.14	178.98	-8.5851	-171.92	6969.7	-123.6	-1052.4	672.11	58.56	1.5707e+06	1.3948e+08	6.0466e+07	304.35	180.2	97.993	0.0010214	7046.7	244.32	5886.9
20 Jun 2012 12:37:26.400	2246.4	358.77	178.61	-11.198	-171.85	6913.2	-168.26	-1369	672.12	58.56	1.5695e+06	1.3948e+08	6.0466e+07	305.07	180.2	97.993	0.0010891	7046.4	246.24	5886.5
20 Jun 2012 12:38:09.600	2289.6	358.38	178.22	-13.811	-171.77	6842	-212.57	-1682.8	672.2	58.559	1.5682e+06	1.3948e+08	6.0466e+07	306.39	180.2	97.994	0.0011576	7046	247.56	5886.1
20 Jun 2012 12:38:52.800	2332.8	357.99	177.83	-16.423	-171.66	6756.3	-256.42	-1992.9	672.33	58.559	1.5669e+06	1.3948e+08	6.0466e+07	308.21	180.2	97.994	0.0012258	7045.6	248.38	5885.6
20 Jun 2012 12:39:36.000	2376	357.58	177.42	-19.035	-171.54	6656.2	-299.73	-2298.8	672.52	58.559	1.5657e+06	1.3948e+08	6.0466e+07	310.44	180.2	97.994	0.0012927	7045.1	248.79	5884.9
20 Jun 2012 12:40:19.200	2419.2	357.16	177	-21.646	-171.39	6542	-342.4	-2599.8	672.75	58.559	1.5644e+06	1.3948e+08	6.0466e+07	313	180.2	97.994	0.0013579	7044.5	248.87	5884.2
20 Jun 2012 12:41:02.400	2462.4	356.73	176.57	-24.257	-171.23	6413.9	-384.34	-2895.3	673.03	58.558	1.5631e+06	1.3948e+08	6.0466e+07	315.84	180.2	97.995	0.0014207	7043.9	248.67	5883.5
20 Jun 2012 12:41:45.600	2505.6	356.28	176.12	-26.866	-171.03	6272.1	-425.46	-3184.6	673.35	58.558	1.5619e+06	1.3948e+08	6.0466e+07	318.92	180.2	97.995	0.0014807	7043.3	248.23	5882.6
20 Jun 2012 12:42:28.800	2548.8	355.81	175.65	-29.474	-170.81	6117	-465.69	-3467.1	673.7	58.558	1.5606e+06	1.3948e+08	6.0466e+07	322.18	180.2	97.996	0.0015377	7042.6	247.61	5881.8
20 Jun 2012 12:43:12.000	2592	355.31	175.15	-32.08	-170.55	5948.9	-504.92	-3742.2	674.09	58.557	1.5593e+06	1.3948e+08	6.0466e+07	325.59	180.2	97.996	0.0015912	7041.8	246.84	5880.8
20 Jun 2012 12:43:55.200	2635.2	354.78	174.62	-34.684	-170.26	5768.2	-543.08	-4009.4	674.5	58.557	1.5581e+06	1.3948e+08	6.0466e+07	329.13	180.2	97.996	0.0016411	7041	245.94	5879.8
20 Jun 2012 12:44:38.400	2678.4	354.22	174.06	-37.286	-169.93	5575.2	-580.08	-4268	674.93	58.556	1.5568e+06	1.3948e+08	6.0466e+07	332.78	180.2	97.997	0.0016871	7040.2	244.94	5878.8
20 Jun 2012 12:45:21.600	2721.6	353.62	173.46	-39.886	-169.55	5370.4	-615.85	-4517.5	675.38	58.556	1.5555e+06	1.3948e+08	6.0466e+07	336.51	180.2	97.997	0.0017289	7039.4	243.85	5877.8
20 Jun 2012 12:46:04.800	2764.8	352.98	172.81	-42.482	-169.13	5154.1	-650.32	-4757.4	675.83	58.555	1.5543e+06	1.3948e+08	6.0466e+07	340.3	180.2	97.998	0.0017663	7038.5	242.7	5876.7
20 Jun 2012 12:46:48.000	2808	352.27	172.1	-45.075	-168.64	4926.9	-683.4	-4987.2	676.29	58.555	1.553e+06	1.3948e+08	6.0466e+07	344.14	180.2	97.998	0.0017991	7037.7	241.5	5875.6
20 Jun 2012 12:47:31.200	2851.2	351.5	171.33	-47.663	-168.08	4689.3	-715.03	-5206.3	676.74	58.554	1.5517e+06	1.3948e+08	6.0466e+07	348.01	180.2	97.999	0.0018269	7036.8	240.27	5874.6
20 Jun 2012 12:48:14.400	2894.4	350.65	170.48	-50.246	-167.43	4441.7	-745.14	-5414.4	677.17	58.554	1.5505e+06	1.3948e+08	6.0466e+07	351.92	180.2	97.999	0.0018495	7036	239.01	5873.5
20 Jun 2012 12:48:57.600	2937.6	349.7	169.53	-52.822	-166.69	4184.6	-773.67	-5610.9	677.6	58.553	1.5492e+06	1.3948e+08	6.0466e+07	355.83	180.2	98	0.0018668	7035.2	237.74	5872.5
20 Jun 2012 12:49:40.800	2980.8	348.63	168.45	-55.389	-165.82	3918.7	-800.56	-5795.5	677.99	58.553	1.5479e+06	1.3948e+08	6.0466e+07	359.75	180.2	98	0.0018783	7034.4	236.46	5871.5
20 Jun 2012 12:50:24.000	3024	347.42	167.23	-57.946	-164.8	3644.5	-825.74	-5967.7	678.36	58.553	1.5467e+06	1.3948e+08	6.0466e+07	3.6752	180.2	98.001	0.0018838	7033.6	235.18	5870.5
20 Jun 2012 12:51:07.200	3067.2	346.01	165.83	-60.49	-163.59	3362.5	-849.18	-6127.3	678.7	58.552	1.5454e+06	1.3948e+08	6.0466e+07	7.5886	180.21	98.001	0.0018832	7032.9	233.91	5869.6
20 Jun 2012 12:51:50.400	3110.4	344.38	164.18	-63.017	-162.13	3073.4	-870.81	-6273.8	678.99	58.552	1.5441e+06	1.3948e+08	6.0466e+07	11.489	180.21	98.001	0.001876	7032.2	232.66	5868.7
20 Jun 2012 12:52:33.600	3153.6	342.43	162.22	-65.521	-160.37	2777.7	-890.59	-6406.9	679.24	58.551	1.5429e+06	1.3948e+08	6.0466e+07	15.371	180.21	98.002	0.0018622	7031.5	231.42	5867.9
20 Jun 2012 12:53:16.800	3196.8	340.07	159.85	-67.995	-158.19	2476.2	-908.48	-6526.4	679.45	58.551	1.5416e+06	1.3948e+08	6.0466e+07	19.232	180.21	98.002	0.0018416	7030.9	230.2	5867.2
20 Jun 2012 12:54:00.000	3240	337.15	156.92	-70.426	-155.45	2169.3	-924.44	-6632	679.6	58.551	1.5403e+06	1.3948e+08	6.0466e+07	23.066	180.21	98.002	0.0018139	7030.4	229.01	5866.5
20 Jun 2012 12:54:43.200	3283.2	333.46	153.2	-72.798	-151.92	1857.9	-938.44	-6723.5	679.69	58.55	1.5391e+06	1.3948e+08	6.0466e+07	26.873	180.21	98.003	0.001779	7029.9	227.85	5865.9
20 Jun 2012 12:55:26.400	3326.4	328.66	148.36	-75.081	-147.26	1542.6	-950.45	-6800.7	679.72	58.55	1.5378e+06	1.3948e+08	6.0466e+07	30.647	180.21	98.003	0.0017368	7029.5	226.72	5865.4
20 Jun 2012 12:56:09.600	3369.6	322.23	141.88	-77.228	-140.97	1224	-960.44	-6863.4	679.69	58.55	1.5365e+06	1.3948e+08	6.0466e+07	34.388	180.21	98.003	0.0016873	7029.2	225.63	5865
20 Jun 2012 12:56:52.800	3412.8	313.41	132.99	-79.156	-132.26	902.73	-968.39	-6911.5	679.6	58.55	1.5353e+06	1.3948e+08	6.0466e+07	38.092	180.21	98.003	0.0016304	7029	224.57	5864.7
20 Jun 2012 12:57:36.000	3456	301.28	120.75	-80.729	-120.21	579.58	-974.28	-6944.8	679.44	58.55	1.534e+06	1.3948e+08	6.0466e+07	41.758	180.21	98.003	0.0015663	7028.8	223.55	5864.5
20 Jun 2012 12:58:19.200	3499.2	285.25	104.62	-81.74	-104.27	255.2	-978.11	-6963.4	679.22	58.55	1.5327e+06	1.3948e+08	6.0466e+07	45.382	180.21	98.003	0.001495	7028.7	222.57	5864.4
20 Jun 2012 12:59:02.400	3542.4	266.59	85.93	-81.975	-85.757	-69.713	-979.85	-6967.2	678.93	58.55	1.5315e+06	1.3948e+08	6.0466e+07	48.961	180.22	98.003	0.0014166	7028.7	221.64	5864.3
20 Jun 2012 12:59:45.600	3585.6	248.66	68.064	-81.368	-68.075	-394.48	-979.52	-6956.1	678.57	58.55	1.5302e+06	1.3948e+08	6.0466e+07	52.493	180.22	98.003	0.0013314	7028.7	220.75	5864.4
20 Jun 2012 13:00:28.800	3628.8	234.17	53.675	-80.074	-53.87	-718.41	-977.1	-6930.2	678.15	58.55	1.5289e+06	1.3948e+08	6.0466e+07	55.971	180.22	98.003	0.0012397	7028.8	219.92	5864.6
20 Jun 2012 13:01:12.000	3672	223.46	43.06	-78.318	-43.44	-1040.8	-972.61	-6889.5	677.66	58.55	1.5277e+06	1.3948e+08	6.0466e+07	59.389	180.22	98.003	0.0011417	7029.1	219.15	5864.9
20 Jun 2012 13:01:55.200	3715.2	215.7	35.367	-76.276	-35.933	-1361	-966.05	-6834.2	677.12	58.55	1.5264e+06	1.3948e+08	6.0466e+07	62.736	180.22	98.003	0.0010379	7029.3	218.45	5865.2
20 Jun 2012 13:02:38.400	3758.4	209.99	29.704	-74.058	-30.456	-1678.3	-957.44	-6764.3	676.51	58.55	1.5251e+06	1.3948e+08	6.0466e+07	65.998	180.22	98.003	0.00092873	7029.7	217.84	5865.7
20 Jun 2012 13:03:21.600	3801.6	205.68	25.421	-71.728	-26.361	-1992	-946.79	-6680	675.86	58.55	1.5239e+06	1.3948e+08	6.0466e+07	69.148	180.22	98.002	0.00081464	7030.1	217.33	5866.2
20 Jun 2012 13:04:04.800	3844.8	202.33	22.091	-69.323	-23.22	-2301.5	-934.13	-6581.4	675.15	58.551	1.5226e+06	1.3948e+08	6.0466e+07	72.143	180.22	98.002	0.00069623	7030.6	216.99	5866.8
20 Jun 2012 13:04:48.000	3888	199.65	19.434	-66.867	-20.753	-2606.1	-919.48	-6468.8	674.39	58.551	1.5213e+06	1.3948e+08	6.0466e+07	74.9	180.22	98.002	0.00057412	7031.2	216.88	5867.5
20 Jun 2012 13:05:31.200	3931.2	197.47	17.264	-64.374	-18.775	-2905.2	-902.88	-6342.4	673.6	58.551	1.5201e+06	1.3948e+08	6.0466e+07	77.24	180.22	98.002	0.00044902	7031.8	217.19	5868.3
20 Jun 2012 13:06:14.400	3974.4	195.66	15.458	-61.855	-17.163	-3198.1	-884.35	-6202.5	672.77	58.552	1.5188e+06	1.3948e+08	6.0466e+07	78.695	180.22	98.001	0.00032175	7032.5	218.38	5869.1
20 Jun 2012 13:06:57.600	4017.6	194.12	13.926	-59.315	-15.828	-3484.1	-863.94	-6049.3	671.9	58.552	1.5175e+06	1.3948e+08	6.0466e+07	77.555	180.22	98.001	0.00019362	7033.2	222.17	5870
20 Jun 2012 13:07:40.800	4060.8	192.79	12.609	-56.76	-14.709	-3762.8	-841.69	-5883.2	671.02	58.552	1.5163e+06	1.3948e+08	6.0466e+07	59.796	180.23	98	7.0206e-05	7033.9	242.57	5870.9
20 Jun 2012 13:08:24.000	4104	191.64	11.46	-54.192	-13.761	-4033.4	-817.65	-5704.6	670.12	58.553	1.515e+06	1.3948e+08	6.0466e+07	302.92	180.23	98	8.0534e-05	7034.7	2.1049	5871.9
20 Jun 2012 13:09:07.200	4147.2	190.62	10.445	-51.615	-12.951	-4295.5	-791.87	-5513.7	669.21	58.553	1.5137e+06	1.3948e+08	6.0466e+07	288.99	180.23	98	0.00020489	7035.5	18.676	5872.9
20 Jun 2012 13:09:50.400	4190.4	189.71	9.54	-49.029	-12.253	-4548.4	-764.4	-5311.1	668.29	58.554	1.5125e+06	1.3948e+08	6.0466e+07	288.14	180.23	97.999	0.00033224	7036.4	22.179	5874
20 Jun 2012 13:10:33.600	4233.6	188.9	8.7244	-46.437	-11.649	-4791.5	-735.3	-5097.1	667.38	58.554	1.5112e+06	1.3948e+08	6.0466e+07	289.53	180.23	97.999	0.00045809	7037.2	23.44	5875
20 Jun 2012 13:11:16.800	4276.8	188.15	7.983	-43.84	-11.123	-5024.5	-704.63	-4872.3	666.48	58.555	1.5099e+06	1.3948e+08	6.0466e+07	291.67	180.23	97.998	0.00058112	7038	23.947	5876.1
20 Jun 2012 13:12:00.000	4320	187.47	7.3035	-41.238	-10.662	-5246.8	-672.45	-4637	665.59	58.555	1.5087e+06	1.3948e+08	6.0466e+07	294.14	180.23	97.998	0.00070037	7038.9	24.122	5877.2
20 Jun 2012 13:12:43.200	4363.2	186.84	6.6762	-38.632	-10.259	-5457.8	-638.85	-4391.8	664.74	58.556	1.5074e+06	1.3948e+08	6.0466e+07	296.78	180.23	97.997	0.00081498	7039.7	24.133	5878.2
20 Jun 2012 13:13:26.400	4406.4	186.26	6.0929	-36.024	-9.9047	-5657.3	-603.88	-4137.2	663.91	58.556	1.5061e+06	1.3948e+08	6.0466e+07	299.51	180.23	97.997	0.00092415	7040.5	24.06	5879.2
20 Jun 2012 13:14:09.600	4449.6	185.71	5.5471	-33.412	-9.5932	-5844.6	-567.62	-3873.7	663.13	58.556	1.5049e+06	1.3948e+08	6.0467e+07	302.27	180.23	97.996	0.0010271	7041.3	23.946	5880.2
20 Jun 2012 13:14:52.800	4492.8	185.2	5.0332	-30.798	-9.3195	-6019.5	-530.15	-3602	662.39	58.557	1.5036e+06	1.3948e+08	6.0467e+07	305.05	180.23	97.996	0.0011231	7042.1	23.818	5881.2
20 Jun 2012 13:15:36.000	4536	184.71	4.5465	-28.183	-9.0794	-6181.5	-491.54	-3322.5	661.7	58.557	1.5023e+06	1.3948e+08	6.0467e+07	307.82	180.23	97.996	0.0012115	7042.8	23.691	5882.1
20 Jun 2012 13:16:19.200	4579.2	184.25	4.0832	-25.565	-8.8695	-6330.3	-451.89	-3036	661.07	58.558	1.5011e+06	1.3948e+08	6.0467e+07	310.59	180.23	97.995	0.0012915	7043.5	23.58	5883
20 Jun 2012 13:17:02.400	4622.4	183.8	3.6397	-22.946	-8.6869	-6465.6	-411.27	-2742.9	660.51	58.558	1.4998e+06	1.3948e+08	6.0467e+07	313.32	180.23	97.995	0.0013627	7044.2	23.494	5883.8
20 Jun 2012 13:17:45.600	4665.6	183.37	3.213	-20.326	-8.5292	-6587.1	-369.78	-2443.9	660.02	58.558	1.4985e+06	1.3948e+08	6.0467e+07	316.02	180.23	97.994	0.0014245	7044.8	23.442	5884.5
20 Jun 2012 13:18:28.800	4708.8	182.96	2.8006	-17.706	-8.3945	-6694.5	-327.49	-2139.7	659.6	58.559	1.4973e+06	1.3948e+08	6.0467e+07	318.68	180.23	97.994	0.0014765	7045.3	23.432	5885.2
20 Jun 2012 13:19:12.000	4752	182.56	2.4002	-15.084	-8.2811	-6787.6	-284.5	-1831	659.26	58.559	1.496e+06	1.3948e+08	6.0467e+07	321.29	180.23	97.994	0.0015182	7045.7	23.473	5885.7
20 Jun 2012 13:19:55.200	4795.2	182.17	2.0095	-12.461	-8.1879	-6866.1	-240.91	-1518.3	659	58.559	1.4947e+06	1.3948e+08	6.0467e+07	323.84	180.23	97.994	0.0015493	7046.1	23.574	5886.2
20 Jun 2012 13:20:38.400	4838.4	181.79	1.6266	-9.8386	-8.1136	-6930.1	-196.8	-1202.3	658.83	58.559	1.4935e+06	1.3948e+08	6.0467e+07	326.32	180.23	97.994	0.0015696	7046.5	23.744	5886.6
20 Jun 2012 13:21:21.600	4881.6	181.41	1.2498	-7.2155	-8.0576	-6979.2	-152.26	-883.8	658.75	58.56	1.4922e+06	1.3948e+08	6.0467e+07	328.72	180.23	97.993	0.001579	7046.7	23.997	5886.9
20 Jun 2012 13:22:04.800	4924.8	181.04	0.8774	-4.5921	-8.0192	-7013.3	-107.41	-563.38	658.75	58.56	1.4909e+06	1.3948e+08	6.0467e+07	331.02	180.23	97.993	0.0015774	7046.9	24.345	5887.2
20 Jun 2012 13:22:48.000	4968	180.67	0.50774	-1.9688	-7.998	-7032.5	-62.322	-241.75	658.85	58.56	1.4897e+06	1.3948e+08	6.0467e+07	333.21	180.23	97.993	0.0015648	7047	24.807	5887.3
20 Jun 2012 13:23:31.200	5011.2	180.3	0.13926	0.65457	-7.9938	-7036.7	-17.102	80.394	659.04	58.56	1.4884e+06	1.3948e+08	6.0467e+07	335.26	180.23	97.993	0.0015414	7047	25.402	5887.3
20 Jun 2012 13:24:14.400	5054.4	179.93	-0.22959	3.2777	-8.0065	-7025.8	28.153	402.37	659.32	58.56	1.4871e+06	1.3948e+08	6.0467e+07	337.15	180.23	97.993	0.0015075	7046.9	26.158	5887.2
20 Jun 2012 13:24:57.600	5097.6	179.56	-0.60035	5.9005	-8.0362	-6999.9	73.349	723.48	659.69	58.56	1.4859e+06	1.3948e+08	6.0467e+07	338.85	180.23	97.993	0.0014635	7046.8	27.109	5887.1
20 Jun 2012 13:25:40.800	5140.8	179.19	-0.97462	8.5229	-8.0833	-6959.1	118.39	1043	660.15	58.559	1.4846e+06	1.3948e+08	6.0467e+07	340.31	180.23	97.993	0.0014099	7046.6	28.297	5886.8
20 Jun 2012 13:26:24.000	5184	178.81	-1.354	11.145	-8.1483	-6903.4	163.17	1360.4	660.69	58.559	1.4833e+06	1.3948e+08	6.0467e+07	341.48	180.23	97.994	0.0013475	7046.3	29.778	5886.4
20 Jun 2012 13:27:07.200	5227.2	178.42	-1.7403	13.766	-8.2319	-6832.9	207.61	1674.8	661.32	58.559	1.4821e+06	1.3948e+08	6.0467e+07	342.28	180.23	97.994	0.0012771	7045.9	31.628	5886
20 Jun 2012 13:27:50.400	5270.4	178.02	-2.1354	16.386	-8.3349	-6747.9	251.61	1985.6	662.03	58.559	1.4808e+06	1.3948e+08	6.0467e+07	342.61	180.23	97.994	0.0012001	7045.5	33.944	5885.4
20 Jun 2012 13:28:33.600	5313.6	177.62	-2.5412	19.005	-8.4586	-6648.5	295.06	2292.2	662.82	58.559	1.4795e+06	1.3948e+08	6.0467e+07	342.34	180.23	97.994	0.0011179	7045	36.858	5884.8
20 Jun 2012 13:29:16.800	5356.8	177.2	-2.9599	21.623	-8.6044	-6534.8	337.89	2593.9	663.67	58.558	1.4783e+06	1.3948e+08	6.0467e+07	341.3	180.23	97.995	0.0010327	7044.4	40.545	5884.1
20 Jun 2012 13:30:00.000	5400	176.77	-3.3941	24.24	-8.774	-6407.3	380	2890	664.59	58.558	1.477e+06	1.3948e+08	6.0467e+07	339.26	180.23	97.995	0.00094728	7043.8	45.234	5883.3
20 Jun 2012 13:30:43.200	5443.2	176.31	-3.8465	26.855	-8.9696	-6266	421.3	3179.9	665.57	58.557	1.4758e+06	1.3948e+08	6.0467e+07	335.93	180.23	97.996	0.00086532	7043.2	51.206	5882.5
20 Jun 2012 13:31:26.400	5486.4	175.84	-4.3203	29.468	-9.1938	-6111.4	461.7	3463.1	666.6	58.557	1.4745e+06	1.3948e+08	6.0467e+07	331.03	180.23	97.996	0.00079193	7042.5	58.759	5881.6
20 Jun 2012 13:32:09.600	5529.6	175.34	-4.8191	32.08	-9.4496	-5943.8	501.11	3738.8	667.68	58.557	1.4732e+06	1.3948e+08	6.0467e+07	324.33	180.23	97.996	0.00073363	7041.7	68.099	5880.7
20 Jun 2012 13:32:52.800	5572.8	174.82	-5.3472	34.689	-9.7408	-5763.5	539.46	4006.6	668.79	58.556	1.472e+06	1.3948e+08	6.0467e+07	315.96	180.23	97.997	0.00069786	7040.9	79.117	5879.7
20 Jun 2012 13:33:36.000	5616	174.25	-5.9097	37.295	-10.072	-5570.9	576.66	4265.8	669.94	58.556	1.4707e+06	1.3948e+08	6.0467e+07	306.56	180.23	97.997	0.00069118	7040.1	91.165	5878.7
20 Jun 2012 13:34:19.200	5659.2	173.65	-6.5125	39.898	-10.449	-5366.5	612.63	4515.9	671.12	58.555	1.4694e+06	1.3948e+08	6.0467e+07	297.24	180.23	97.998	0.00071668	7039.3	103.13	5877.7
20 Jun 2012 13:35:02.400	5702.4	173	-7.1629	42.497	-10.878	-5150.7	647.29	4756.3	672.31	58.555	1.4682e+06	1.3948e+08	6.0467e+07	289.06	180.23	97.998	0.00077259	7038.5	113.96	5876.6
20 Jun 2012 13:35:45.600	5745.6	172.3	-7.8696	45.092	-11.368	-4923.9	680.58	4986.7	673.5	58.554	1.4669e+06	1.3948e+08	6.0467e+07	282.59	180.23	97.999	0.00085357	7037.6	123.07	5875.6
20 Jun 2012 13:36:28.800	5788.8	171.53	-8.6436	47.682	-11.929	-4686.6	712.43	5206.3	674.7	58.554	1.4656e+06	1.3948e+08	6.0467e+07	277.9	180.24	97.999	0.00095319	7036.8	130.41	5874.5
20 Jun 2012 13:37:12.000	5832	170.67	-9.4983	50.266	-12.575	-4439.4	742.76	5414.9	675.9	58.553	1.4644e+06	1.3948e+08	6.0467e+07	274.74	180.24	98	0.0010656	7036	136.21	5873.5
20 Jun 2012 13:37:55.200	5875.2	169.72	-10.451	52.842	-13.322	-4182.7	771.51	5612	677.07	58.553	1.4631e+06	1.3948e+08	6.0467e+07	272.82	180.24	98	0.0011862	7035.2	140.77	5872.5
20 Jun 2012 13:38:38.400	5918.4	168.65	-11.523	55.41	-14.192	-3917.1	798.62	5797.1	678.23	58.552	1.4618e+06	1.3948e+08	6.0467e+07	271.87	180.24	98.001	0.0013113	7034.4	144.37	5871.5
20 Jun 2012 13:39:21.600	5961.6	167.44	-12.745	57.966	-15.214	-3643.3	824.04	5969.8	679.36	58.552	1.4606e+06	1.3948e+08	6.0467e+07	271.65	180.24	98.001	0.0014382	7033.6	147.23	5870.6
20 Jun 2012 13:40:04.800	6004.8	166.03	-14.153	60.509	-16.425	-3361.7	847.71	6129.9	680.44	58.551	1.4593e+06	1.3948e+08	6.0467e+07	272.01	180.24	98.002	0.0015646	7032.9	149.51	5869.7
20 Jun 2012 13:40:48.000	6048	164.39	-15.8	63.034	-17.878	-3072.9	869.58	6276.9	681.49	58.551	1.458e+06	1.3948e+08	6.0467e+07	272.82	180.24	98.002	0.0016888	7032.2	151.35	5868.8
20 Jun 2012 13:41:31.200	6091.2	162.45	-17.759	65.536	-19.644	-2777.7	889.6	6410.6	682.49	58.55	1.4568e+06	1.3948e+08	6.0467e+07	273.97	180.24	98.002	0.0018093	7031.6	152.83	5868
20 Jun 2012 13:42:14.400	6134.4	160.09	-20.13	68.007	-21.824	-2476.5	907.75	6530.6	683.42	58.55	1.4555e+06	1.3948e+08	6.0467e+07	275.41	180.24	98.003	0.0019249	7031	154.04	5867.3
20 Jun 2012 13:42:57.600	6177.6	157.17	-23.062	70.435	-24.567	-2170.2	923.96	6636.8	684.3	58.55	1.4542e+06	1.3948e+08	6.0467e+07	277.07	180.24	98.003	0.0020344	7030.5	155.02	5866.7
20 Jun 2012 13:43:40.800	6220.8	153.48	-26.778	72.803	-28.095	-1859.2	938.22	6728.9	685.11	58.55	1.453e+06	1.3948e+08	6.0467e+07	278.91	180.24	98.003	0.002137	7030	155.82	5866.1
20 Jun 2012 13:44:24.000	6264	148.68	-31.613	75.083	-32.744	-1544.2	950.49	6806.6	685.85	58.549	1.4517e+06	1.3948e+08	6.0467e+07	280.9	180.24	98.004	0.0022319	7029.6	156.47	5865.6
20 Jun 2012 13:45:07.200	6307.2	142.26	-38.083	77.225	-39.028	-1226	960.75	6870	686.52	58.549	1.4504e+06	1.3948e+08	6.0467e+07	283.02	180.24	98.004	0.0023182	7029.3	156.99	5865.2
20 Jun 2012 13:45:50.400	6350.4	133.48	-46.947	79.15	-47.708	-905.25	968.98	6918.7	687.1	58.549	1.4492e+06	1.3948e+08	6.0467e+07	285.24	180.25	98.004	0.0023956	7029.1	157.41	5864.9
20 Jun 2012 13:46:33.600	6393.6	121.38	-59.146	80.721	-59.723	-582.54	975.15	6952.7	687.61	58.549	1.4479e+06	1.3948e+08	6.0467e+07	287.54	180.25	98.004	0.0024633	7028.9	157.75	5864.6
20 Jun 2012 13:47:16.800	6436.8	105.42	-75.207	81.734	-75.599	-258.6	979.26	6972	688.03	58.549	1.4466e+06	1.3948e+08	6.0467e+07	289.92	180.25	98.004	0.0025212	7028.8	158.01	5864.5
20 Jun 2012 13:48:00.000	6480	86.823	-93.841	81.976	-94.05	65.883	981.3	6976.5	688.37	58.549	1.4454e+06	1.3948e+08	6.0467e+07	292.36	180.25	98.004	0.0025687	7028.8	158.21	5864.5
20 Jun 2012 13:48:43.200	6523.2	68.913	-111.69	81.38	-111.71	390.23	981.27	6966.3	688.62	58.549	1.4441e+06	1.3948e+08	6.0467e+07	294.85	180.25	98.004	0.0026057	7028.8	158.36	5864.6
20 Jun 2012 13:49:26.400	6566.4	54.405	-126.09	80.098	-125.93	713.75	979.15	6941.2	688.78	58.549	1.4428e+06	1.3948e+08	6.0467e+07	297.38	180.25	98.004	0.002632	7029	158.47	5864.7
20 Jun 2012 13:50:09.600	6609.6	43.67	-136.73	78.354	-136.39	1035.8	974.97	6901.4	688.86	58.549	1.4416e+06	1.3948e+08	6.0467e+07	299.94	180.25	98.004	0.0026476	7029.2	158.55	5865
20 Jun 2012 13:50:52.800	6652.8	35.885	-144.45	76.323	-143.92	1355.6	968.73	6847	688.85	58.549	1.4403e+06	1.3948e+08	6.0467e+07	302.53	180.25	98.004	0.0026525	7029.4	158.6	5865.3
20 Jun 2012 13:51:36.000	6696	30.155	-150.13	74.116	-149.42	1672.5	960.43	6778	688.77	58.549	1.439e+06	1.3948e+08	6.0467e+07	305.14	180.25	98.004	0.0026467	7029.8	158.63	5865.8
20 Jun 2012 13:52:19.200	6739.2	25.824	-154.43	71.797	-153.53	1986	950.11	6694.7	688.6	58.549	1.4378e+06	1.3948e+08	6.0467e+07	307.76	180.25	98.003	0.0026305	7030.2	158.65	5866.3
20 Jun 2012 13:53:02.400	6782.4	22.459	-157.78	69.403	-156.69	2295.2	937.77	6597.2	688.35	58.55	1.4365e+06	1.3948e+08	6.0467e+07	310.38	180.26	98.003	0.002604	7030.7	158.66	5866.9
20 Jun 2012 13:53:45.600	6825.6	19.776	-160.44	66.958	-159.16	2599.5	923.45	6485.7	688.03	58.55	1.4352e+06	1.3948e+08	6.0467e+07	313	180.26	98.003	0.0025676	7031.2	158.67	5867.6
20 Jun 2012 13:54:28.800	6868.8	17.587	-162.62	64.476	-161.15	2898.4	907.18	6360.4	687.64	58.55	1.434e+06	1.3948e+08	6.0467e+07	315.62	180.26	98.002	0.0025217	7031.8	158.7	5868.3
20 Jun 2012 13:55:12.000	6912	15.765	-164.43	61.968	-162.77	3191.1	888.99	6221.7	687.19	58.551	1.4327e+06	1.3948e+08	6.0467e+07	318.21	180.26	98.002	0.0024666	7032.5	158.74	5869.1
20 Jun 2012 13:55:55.200	6955.2	14.222	-165.97	59.439	-164.11	3477.1	868.92	6069.7	686.67	58.551	1.4314e+06	1.3948e+08	6.0467e+07	320.78	180.26	98.002	0.002403	7033.2	158.81	5870
20 Jun 2012 13:56:38.400	6998.4	12.895	-167.29	56.895	-165.24	3755.7	847.01	5904.9	686.1	58.552	1.4302e+06	1.3948e+08	6.0467e+07	323.32	180.26	98.001	0.0023313	7033.9	158.92	5870.9
20 Jun 2012 13:57:21.600	7041.6	11.738	-168.44	54.339	-166.19	4026.4	823.3	5727.6	685.48	58.552	1.4289e+06	1.3948e+08	6.0467e+07	325.8	180.26	98.001	0.0022522	7034.7	159.07	5871.9
