Fecha	Distancia	cosCara_+X	cosCara_+Y	cosCara_+Z	cosCara_-X	cosCara_-Y	cosCara_-Z	cosPanel_1
2023-03-21 00:00:00	148975048.26092	-0.849094565107105	0.30821687336638465	0.4289997418155705	0.849094565107105	-0.30821687336638465	-0.4289997418155705	0.30821687336638465
2023-03-21 12:00:00	149006197.92775008	0.6167134397606995	-0.6592595242491557	0.43016440218282037	-0.6167134397606995	0.6592595242491557	-0.43016440218282037	-0.6592595242491557
2023-03-22 00:00:00	149022243.99774545	-0.25060497095003875	0.8667304943749904	0.4312486506130945	0.25060497095003875	-0.8667304943749904	-0.4312486506130945	0.8667304943749904
2023-03-22 12:00:00	149046116.76155216	-0.1699057462849872	-0.885524279958311	0.43241043810673263	0.1699057462849872	0.885524279958311	-0.43241043810673263	-0.885524279958311
2023-03-23 00:00:00	149075667.1226233	0.5522415870285867	0.7121873835100843	0.4333801568198622	-0.5522415870285867	-0.7121873835100843	-0.4333801568198622	0.7121873835100843
2023-03-23 12:00:00	149081800.18822157	-0.8149122505338282	-0.38349752901396694	0.4345660699710378	0.8149122505338282	0.38349752901396694	-0.4345660699710378	-0.38349752901396694
2023-03-24 00:00:00	149120647.5727533	0.8996828443258548	-0.02714417586859712	0.43569940709410493	-0.8996828443258548	0.02714417586859712	-0.43569940709410493	-0.02714417586859712
2023-03-24 12:00:00	149126880.01191393	-0.7886680991285975	0.4325791603302496	0.4368957535440929	0.7886680991285975	-0.4325791603302496	-0.4368957535440929	0.4325791603302496
2023-03-25 00:00:00	149155125.58170435	0.5068612756862999	-0.7424580362624953	0.4380042369645482	-0.5068612756862999	0.7424580362624953	-0.4380042369645482	-0.7424580362624953
2023-03-25 12:00:00	149171089.8498097	-0.1145065611963111	0.8910893325834205	0.43914467866413875	0.1145065611963111	-0.8910893325834205	-0.43914467866413875	0.8910893325834205
2023-03-26 00:00:00	149191253.51176855	-0.3015245722835196	-0.8457795777771857	0.44015887827497724	0.3015245722835196	0.8457795777771857	-0.44015887827497724	-0.8457795777771857
2023-03-26 12:00:00	149220497.62225834	0.6519192529596234	0.6167303826243141	0.4411858143329566	-0.6519192529596234	-0.6167303826243141	-0.4411858143329566	0.6167303826243141
2023-03-27 00:00:00	149233599.7782963	-0.8602852938561195	-0.25355498985708114	0.4422884582412994	0.8602852938561195	0.25355498985708114	-0.4422884582412994	-0.25355498985708114
2023-03-27 12:00:00	149260587.66927478	0.8812500989849704	-0.1635106912651862	0.44346647774207326	-0.8812500989849704	0.1635106912651862	-0.44346647774207326	-0.1635106912651862
2023-03-28 00:00:00	149275302.26285627	-0.7101141581195785	0.5458987962081961	0.4446710995067757	0.7101141581195785	-0.5458987962081961	-0.4446710995067757	0.5458987962081961
2023-03-28 12:00:00	149299837.24917012	0.3862004337512458	-0.807610614632411	0.44566166550805036	-0.3862004337512458	0.807610614632411	-0.44566166550805036	-0.807610614632411
2023-03-29 00:00:00	149315245.8604425	0.02326497530116922	0.8944032936196561	0.4466558958376655	-0.02326497530116922	-0.8944032936196561	-0.4466558958376655	0.8944032936196561
2023-03-29 12:00:00	149341019.3949094	-0.42503158640357225	-0.7867425249501859	0.44764310560341397	0.42503158640357225	0.7867425249501859	-0.44764310560341397	-0.7867425249501859
2023-03-30 00:00:00	149369061.61383778	0.7355661310449735	0.5075710228856772	0.44868042478619086	-0.7355661310449735	-0.5075710228856772	-0.44868042478619086	0.5075710228856772
2023-03-30 12:00:00	149378703.36054617	-0.8851458400580524	-0.11880433810438923	0.44989151033944064	0.8851458400580524	0.11880433810438923	-0.44989151033944064	-0.11880433810438923
2023-03-31 00:00:00	149412683.96027774	0.8424461617308752	-0.29493274179895035	0.4508870616904752	-0.8424461617308752	0.29493274179895035	-0.4508870616904752	-0.29493274179895035
2023-03-31 12:00:00	149415406.8446431	-0.6157426453960727	0.6453750773484779	0.4520530988480142	0.6157426453960727	-0.6453750773484779	-0.4520530988480142	0.6453750773484779
2023-04-01 00:00:00	149445306.48661762	0.25761527589606287	-0.8535090059416934	0.4529423212743736	-0.25761527589606287	0.8535090059416934	-0.4529423212743736	-0.8535090059416934
2023-04-01 12:00:00	149469086.39051646	0.15919969428136818	0.8767003958096	0.45392937041792064	-0.15919969428136818	-0.8767003958096	-0.45392937041792064	0.8767003958096
2023-04-02 00:00:00	149479792.5054163	-0.5377429190868772	-0.7098542565783431	0.45490602039270983	0.5377429190868772	0.7098542565783431	-0.45490602039270983	-0.7098542565783431
2023-04-02 12:00:00	149515469.20359644	0.8012514977415363	0.3875187833216412	0.4558785254208186	-0.8012514977415363	-0.3875187833216412	-0.4558785254208186	0.3875187833216412
2023-04-03 00:00:00	149520910.83265656	-0.8893102307319398	0.017810135870705974	0.45695745160328805	0.8893102307319398	-0.017810135870705974	-0.45695745160328805	0.017810135870705974
2023-04-03 12:00:00	149560360.294097	0.7843463154228524	-0.41838688021120257	0.45798829237190364	-0.7843463154228524	0.41838688021120257	-0.45798829237190364	-0.41838688021120257
2023-04-04 00:00:00	149570243.3413793	-0.5075621394935051	0.7292338977338713	0.45891022754852767	0.5075621394935051	-0.7292338977338713	-0.45891022754852767	0.7292338977338713
2023-04-04 12:00:00	149594185.54956454	0.12404296220752979	-0.8792637268076082	0.4599006873741083	-0.12404296220752979	0.8792637268076082	-0.4599006873741083	-0.8792637268076082
2023-04-05 00:00:00	149615369.9744335	0.29058750888402496	0.8386093844066808	0.46075286224355105	-0.29058750888402496	-0.8386093844066808	-0.46075286224355105	0.8386093844066808
2023-04-05 12:00:00	149629950.92734167	-0.6372070522072335	-0.6171096831032102	0.46167392349755176	0.6372070522072335	0.6171096831032102	-0.46167392349755176	-0.6171096831032102
2023-04-06 00:00:00	149661839.6939702	0.8478030547424574	0.2592252133383138	0.4626362168476042	-0.8478030547424574	-0.2592252133383138	-0.4626362168476042	0.2592252133383138
2023-04-06 12:00:00	149672014.66564232	-0.8726577856744682	0.15299542909819455	0.46374646928768476	0.8726577856744682	-0.15299542909819455	-0.46374646928768476	0.15299542909819455
2023-04-07 00:00:00	149705824.35745192	0.7084748309400912	-0.531226448132325	0.4646093786495526	-0.7084748309400912	0.531226448132325	-0.4646093786495526	-0.531226448132325
2023-04-07 12:00:00	149721335.849298	-0.38830472214348966	0.7952717060373908	0.4655774439740884	0.38830472214348966	-0.7952717060373908	-0.4655774439740884	0.7952717060373908
2023-04-08 00:00:00	149747676.04351705	-0.011514984348965683	-0.8845469636236474	0.4663089901338267	0.011514984348965683	0.8845469636236474	-0.4663089901338267	-0.8845469636236474
2023-04-08 12:00:00	149765374.99911422	0.41413404684900834	0.7811611800145559	0.46720466829723584	-0.41413404684900834	-0.7811611800145559	-0.46720466829723584	0.7811611800145559
2023-04-09 00:00:00	149782213.6172245	-0.7212932940400593	-0.5105053192325963	0.46810287652188776	0.7212932940400593	0.5105053192325963	-0.46810287652188776	-0.5105053192325963
2023-04-09 12:00:00	149818531.64035124	0.874195204911596	0.12580375566991558	0.4689948387444334	-0.874195204911596	-0.12580375566991558	-0.4689948387444334	0.12580375566991558
2023-04-10 00:00:00	149822823.43091306	-0.8358139971029331	0.2839776040015785	0.46986347237505166	0.8358139971029331	-0.2839776040015785	-0.46986347237505166	0.2839776040015785
2023-04-10 12:00:00	149858874.35141826	0.6166169271269403	-0.6309796629357993	0.47079531661004753	-0.6166169271269403	0.6309796629357993	-0.47079531661004753	-0.6309796629357993
2023-04-11 00:00:00	149869639.9702977	-0.2605269316502347	0.8424466972536577	0.47160288397264716	0.2605269316502347	-0.8424466972536577	-0.47160288397264716	0.8424466972536577
2023-04-11 12:00:00	149896767.9331483	-0.14602353336270874	-0.8692310742376651	0.47234994155171117	0.14602353336270874	0.8692310742376651	-0.47234994155171117	-0.8692310742376651
2023-04-12 00:00:00	149918997.67886814	0.5274063087024582	0.7057240982975973	0.4730709065487866	-0.5274063087024582	-0.7057240982975973	-0.4730709065487866	0.7057240982975973
2023-04-12 12:00:00	149936673.19179577	-0.788138315886937	-0.39266348513455973	0.47397614124857007	0.788138315886937	0.39266348513455973	-0.47397614124857007	-0.39266348513455973
2023-04-13 00:00:00	149966471.30917525	0.8800666787779371	-0.009839526077108945	0.4747481696977352	-0.8800666787779371	0.009839526077108945	-0.4747481696977352	-0.009839526077108945
2023-04-13 12:00:00	149981916.04361045	-0.7795058856034959	0.40750158055685404	0.47572369727939284	0.7795058856034959	-0.40750158055685404	-0.47572369727939284	0.40750158055685404
2023-04-14 00:00:00	150009153.52859715	0.5109156460470545	-0.7155566374339093	0.4763862941443616	-0.5109156460470545	0.7155566374339093	-0.4763862941443616	-0.7155566374339093
2023-04-14 12:00:00	150023119.74932757	-0.12741626316071045	0.8695572609448751	0.47711137674573145	0.12741626316071045	-0.8695572609448751	-0.47711137674573145	0.8695572609448751
2023-04-15 00:00:00	150049661.69859293	-0.27653803733094706	-0.8337764871169214	0.4778529935452054	0.27653803733094706	0.8337764871169214	-0.4778529935452054	-0.8337764871169214
2023-04-15 12:00:00	150074092.24971163	0.6276299282550346	0.6141060886961421	0.4784917815228452	-0.6276299282550346	-0.6141060886961421	-0.4784917815228452	0.6141060886961421
2023-04-16 00:00:00	150082393.3893425	-0.8363769214981159	-0.26601844439444533	0.47927844978393697	0.8363769214981159	0.26601844439444533	-0.47927844978393697	-0.26601844439444533
2023-04-16 12:00:00	150121640.50068712	0.8652549911550435	-0.14458181148345906	0.48003114489525295	-0.8652549911550435	0.14458181148345906	-0.48003114489525295	-0.14458181148345906
2023-04-17 00:00:00	150128433.934897	-0.7051255759210977	0.5211728404933988	0.4808084779971985	0.7051255759210977	-0.5211728404933988	-0.4808084779971985	0.5211728404933988
2023-04-17 12:00:00	150154094.53958684	0.39374411886052824	-0.7830642305686526	0.4814311785361126	-0.39374411886052824	0.7830642305686526	-0.4814311785361126	-0.7830642305686526
2023-04-18 00:00:00	150178303.3332858	0.008390491436267744	0.8761129808259507	0.4820328251081305	-0.008390491436267744	-0.8761129808259507	-0.4820328251081305	0.8761129808259507
2023-04-18 12:00:00	150192874.62867618	-0.4001298809614291	-0.7790304760838282	0.48270860329436466	0.4001298809614291	0.7790304760838282	-0.48270860329436466	-0.7790304760838282
2023-04-19 00:00:00	150226685.93124956	0.7128090557687977	0.508280784419093	0.48327413980504536	-0.7128090557687977	-0.508280784419093	-0.48327413980504536	0.508280784419093
2023-04-19 12:00:00	150232710.77429458	-0.8647926088847037	-0.1335708311743332	0.48403778434930683	0.8647926088847037	0.1335708311743332	-0.48403778434930683	-0.1335708311743332
2023-04-20 00:00:00	150260979.03768715	0.8302068279517646	-0.2754892476711937	0.48462593537679016	-0.8302068279517646	0.2754892476711937	-0.48462593537679016	-0.2754892476711937
