Fecha	Distancia	angCara_+X	angCara_+Y	angCara_+Z	angCara_-X	angCara_-Y	angCara_-Z
2024-06-01 22:04:00	151724957.52720532	64.52783289507929	69.957360492383	33.36196097745861	115.47216710492071	110.04263950761701	146.63803902254136
2024-06-01 22:04:30	151724451.09431365	66.21956093540157	69.95715746563792	31.951608151660427	113.78043906459843	110.0428425343621	148.04839184833958
2024-06-01 22:05:00	151723941.80160236	67.91566296665347	69.95805551059776	30.579057230822283	112.08433703334653	110.04194448940224	149.42094276917774
2024-06-01 22:05:30	151723429.82927397	69.61494156044272	69.95771942207692	29.252280543029293	110.38505843955731	110.04228057792308	150.7477194569707
2024-06-01 22:06:00	151722915.31613776	71.31695955984843	69.95717672481076	27.977052887895805	108.68304044015159	110.04282327518922	152.0229471121042
2024-06-01 22:06:30	151722398.5056983	73.02205240218764	69.95845847936373	26.758675407883533	106.97794759781236	110.04154152063627	153.24132459211646
2024-06-01 22:07:00	151722196.13725471	74.72970467847354	69.95826766439829	25.608349522950775	105.27029532152648	110.04173233560171	154.39165047704924
2024-06-01 22:07:30	151721675.36398458	76.43987638578943	69.95790225350048	24.53445671229518	103.56012361421058	110.04209774649952	155.46554328770483
2024-06-01 22:08:00	151721152.9630023	78.15132603972937	69.95866849273008	23.547004293349843	101.84867396027065	110.04133150726993	156.45299570665017
2024-06-01 22:08:30	151721006.2919026	79.86500583823405	69.95801336921235	22.658971284450477	100.13499416176596	110.04198663078765	157.34102871554956
2024-06-01 22:09:00	151720481.15463513	81.57989948678255	69.95862219441061	21.88047900769667	98.42010051321745	110.04137780558939	158.11952099230334
2024-06-01 22:09:30	151719955.07089722	83.29615415633043	69.95883850042347	21.225075150634336	96.70384584366957	110.04116149957653	158.77492484936568
2024-06-01 22:10:00	151719744.47440162	85.01330823226752	69.95914055603778	20.704152979229555	94.9866917677325	110.04085944396222	159.29584702077045
2024-06-01 22:10:30	151719216.90541452	86.73141416127237	69.9597160519806	20.32786237554141	93.26858583872766	110.04028394801938	159.6721376244586
2024-06-01 22:11:00	151718688.85325843	88.4499383924875	69.95919317503687	20.10583187963449	91.55006160751252	110.04080682496314	159.89416812036552
2024-06-01 22:11:30	151718160.63688475	90.16852859758305	69.9595154879495	20.041254384051825	89.83147140241698	110.0404845120505	159.95874561594817
2024-06-01 22:12:00	151717632.53144035	91.88759665296939	69.9598133391584	20.13654290776392	88.11240334703061	110.04018666084161	159.8634570922361
2024-06-01 22:12:30	151717104.6556646	93.60612252442837	69.96113754696712	20.388396489074637	86.39387747557164	110.03886245303288	159.61160351092536
2024-06-01 22:13:00	151717270.87706995	95.32490850726752	69.9611256515203	20.793594086272023	84.67509149273249	110.0388743484797	159.206405913728
2024-06-01 22:13:30	151716744.0984567	97.04366264135157	69.96093400441731	21.342459506651867	82.95633735864844	110.03906599558269	158.65754049334817
2024-06-01 22:14:00	151716218.22437963	98.7608368106653	69.96186502256246	22.022613404226625	81.23916318933473	110.03813497743752	157.9773865957734
2024-06-01 22:14:30	151715693.45770127	100.47711883663116	69.9622846806692	22.824025649584836	79.52288116336884	110.03771531933083	157.17597435041517
2024-06-01 22:15:00	151715170.01871803	102.1925628133152	69.96305605073488	23.733849353624453	77.8074371866848	110.03694394926514	156.26615064637554
2024-06-01 22:15:30	151714964.48500872	103.90649093343413	69.96270402707044	24.741175590388327	76.0935090665659	110.03729597292956	155.25882440961166
2024-06-01 22:16:00	151714444.32618096	105.6187565215057	69.96279778456112	25.83338841677155	74.38124347849431	110.0372022154389	154.16661158322844
2024-06-01 22:16:30	151713926.04476175	107.3288676414122	69.96353552168166	26.999853073647653	72.67113235858781	110.03646447831834	153.00014692635233
2024-06-01 22:17:00	151713787.22147962	109.03724809185172	69.96360477384285	28.23282530487604	70.96275190814829	110.03639522615717	151.76717469512397
2024-06-01 22:17:30	151713273.4677416	110.74291336343258	69.96346901669047	29.523199255194253	69.25708663656744	110.03653098330955	150.47680074480576
2024-06-01 22:18:00	151712762.30876568	112.44547332145348	69.96491724758815	30.86236728111219	67.55452667854651	110.03508275241188	149.1376327188878
2024-06-01 22:18:30	151712570.22277948	114.14497571977219	69.9652617988618	32.24636141536901	65.85502428022782	110.03473820113821	147.753638584631
2024-06-01 22:19:00	151712064.7410661	115.84077687549562	69.96570576410623	33.668628504695974	64.1592231245044	110.03429423589378	146.331371495304
2024-06-01 22:19:30	151711562.39248776	117.53275320508583	69.96980233447623	35.12228296170927	62.467246794914196	110.03019766552377	144.87771703829077
2024-06-01 22:20:00	151711063.38121262	119.22050061989604	69.96711414228889	36.61045720435067	60.77949938010396	110.03288585771111	143.38954279564933
2024-06-01 22:20:30	151710567.86550975	120.90227855615115	69.96912558924093	38.12069309289737	59.097721443848855	110.03087441075908	141.87930690710263
2024-06-01 22:21:00	151710076.03041857	122.5792326857203	69.96757493603381	39.6570018387321	57.42076731427971	110.03242506396619	140.3429981612679
2024-06-01 22:21:30	151710281.6671562	124.25098215354356	69.97012856384093	41.211944078352644	55.74901784645644	110.02987143615908	138.78805592164736
2024-06-01 22:22:00	151709797.82575795	125.91522656046135	69.9600279614765	42.79259400289515	54.08477343953865	110.0399720385235	137.20740599710487
2024-06-01 22:22:30	151718022.28174788	127.56962137565861	69.96616732590084	44.37669779184476	52.43037862434141	110.03383267409916	135.62330220815528
2024-06-01 22:23:00	151717547.0229609	129.2181272533246	69.9656522539043	45.98191936812205	50.781872746675425	110.0343477460957	134.01808063187795
2024-06-01 22:23:30	151717076.3244503	130.85692313909314	69.9658591555105	47.59920868392525	49.14307686090686	110.03414084448949	132.40079131607476
2024-06-01 22:24:00	151716610.3763721	132.48533811361756	69.9656098726957	49.22835623394797	47.51466188638244	110.0343901273043	130.77164376605202
2024-06-01 22:24:30	151716465.46226582	134.10278050801372	69.96720790572121	50.86728501386946	45.897219491986284	110.03279209427879	129.13271498613057
2024-06-01 22:25:00	151716009.34277505	135.7066041828242	69.96947958680258	52.51436714487413	44.2933958171758	110.03052041319742	127.48563285512587
2024-06-01 22:25:30	151715558.39515328	137.2967454739436	69.97135448728406	54.17087995699293	42.70325452605642	110.02864551271597	125.82912004300707
2024-06-01 22:26:00	151715490.00592452	138.86950347833266	69.9659383497487	55.83872883265061	41.13049652166735	110.03406165025132	124.1612711673494
2024-06-01 22:26:30	151715049.70994052	140.4245107853516	69.96271617606769	57.512524280543396	39.57548921464842	110.03728382393233	122.48747571945661
2024-06-01 22:27:00	151714615.0660674	141.95908311922602	69.96017751308428	59.19223036967972	38.04091688077399	110.03982248691572	120.8077696303203
2024-06-01 22:27:30	151714502.22318077	143.47170912375987	69.96696822343726	60.87198383500489	36.52829087624011	110.03303177656277	119.12801616499513
2024-06-01 22:28:00	151714079.026553	144.9570721990284	69.97174590990535	62.556873916053554	35.04292780097159	110.02825409009466	117.44312608394645
2024-06-01 22:28:30	151713661.62014973	146.41261814631284	69.9709239155283	64.25056004530869	33.58738185368716	110.02907608447171	115.74943995469135
2024-06-01 22:29:00	151713250.2961032	147.83286161568608	69.96486383539991	65.95122745142184	32.16713838431393	110.0351361646001	114.04877254857814
2024-06-01 22:29:30	151712845.05441305	149.21595993857844	69.96637480105365	67.6510292232545	30.784040061421564	110.03362519894637	112.3489707767455
2024-06-01 22:30:00	151712445.97601515	150.55641721622922	69.96985345344926	69.35405371222284	29.443582783770772	110.03014654655072	110.64594628777716
2024-06-01 22:30:30	151712746.75710353	151.84180275469927	69.96458154056876	71.06274047697309	28.158197245300734	110.03541845943124	108.93725952302692
2024-06-01 22:31:00	151712360.2628062	153.074574430206	69.96704215574877	72.77320937496113	26.92542556979398	110.03295784425124	107.22679062503889
2024-06-01 22:31:30	151711980.2987499	154.23573922999927	69.9633270507967	74.48536155591977	25.764260770000732	110.03667294920331	105.51463844408023
2024-06-01 22:32:00	151711606.7224532	155.32690230641495	69.96708996028993	76.19862979897198	24.673097693585035	110.03291003971007	103.80137020102804
2024-06-01 22:32:30	151711239.7828091	156.32910060825301	69.9680487639162	77.91231794916193	23.670899391746993	110.03195123608381	102.08768205083808
2024-06-01 22:33:00	151710879.3982243	157.23338210581156	69.96592139637535	79.63154650370349	22.766617894188453	110.03407860362465	100.3684534962965
2024-06-01 22:33:30	151710525.77438238	158.0271357991117	69.96407834996633	81.3498865785787	21.972864200888303	110.0359216500337	98.65011342142131
2024-06-01 22:34:00	151710494.87765843	158.70116345266814	69.96459926550206	83.06893170219179	21.298836547331874	110.03540073449794	96.93106829780821
2024-06-01 22:34:30	151710154.5993677	159.24435398306812	69.96813093280488	84.7880696234299	20.755646016931863	110.03186906719513	95.21193037657011
2024-06-01 22:35:00	151710198.3491055	159.64025034731478	69.9678021784888	86.51052191873639	20.359749652685238	110.03219782151122	93.48947808126361
2024-06-01 22:35:30	151709871.58003917	159.88044578753008	69.96511272720758	88.23104587592319	20.11955421246993	110.03488727279243	91.76895412407684
2024-06-01 22:36:00	151709551.45097193	159.96104320383262	69.96109793013801	89.95506917925283	20.03895679616739	110.038902069862	90.04493082074718
2024-06-01 22:36:30	151709238.2369145	159.88966780439858	69.96554230822298	91.6743916290259	20.110332195601437	110.03445769177704	88.32560837097412
2024-06-01 22:37:00	151709247.919319	159.6518257668416	69.96181824710926	93.39435147730401	20.348174233158414	110.03818175289074	86.60564852269599
2024-06-01 22:37:30	151708948.16522738	159.2621159303364	69.95987321338069	95.11664589217834	20.737884069663618	110.04012678661934	84.88335410782166
2024-06-01 22:38:00	151708655.22986564	158.73024281783535	69.96026183428313	96.8366773235565	21.269757182164657	110.03973816571688	83.16332267644351
2024-06-01 22:38:30	151708368.99619716	158.0673513120689	69.96383380073709	98.5552997004201	21.93264868793111	110.03616619926292	81.44470029957992
2024-06-01 22:39:00	151708466.7460297	157.27687762966636	69.96055226314596	100.27064878325051	22.723122370333652	110.03944773685407	79.72935121674949
2024-06-01 22:39:30	151708193.87694943	156.3810466335561	69.96320913933383	101.9864732334412	23.61895336644389	110.03679086066617	78.0135267665588
2024-06-01 22:40:00	151708243.680366	155.3838698995656	69.96255674712677	103.70154147718256	24.616130100434415	110.03744325287325	76.29845852281747
2024-06-01 22:40:30	151707983.8907403	154.29686517615016	69.95866165801266	105.41576668906362	25.703134823849854	110.04133834198736	74.5842333109364
2024-06-01 22:41:00	151707730.71181285	153.13958215302853	69.95832057367468	107.12388705709775	26.86041784697146	110.04167942632533	72.87611294290225
2024-06-01 22:41:30	151716188.5292864	151.9133902019766	69.95761239733609	108.83275861469893	28.08660979802341	110.04238760266392	71.16724138530108
2024-06-01 22:42:00	151715948.06323817	150.63609645739623	69.96277386466896	110.5355086073189	29.363903542603765	110.03722613533104	69.4644913926811
2024-06-01 22:42:30	151715713.99163902	149.29894751970184	69.95837518079345	112.2377570317243	30.701052480298163	110.04162481920655	67.76224296827571
2024-06-01 22:43:00	151715802.07032627	147.9247954004688	69.96299741128867	113.93571075955123	32.07520459953121	110.03700258871135	66.06428924044879
2024-06-01 22:43:30	151715957.56528074	146.50357279652508	69.95913987358101	115.63250794667694	33.49642720347493	110.040860126419	64.36749205332308
2024-06-01 22:44:00	151715741.71599776	145.05596528591306	69.9602494396892	117.32029978007714	34.94403471408696	110.03975056031081	62.679700219922864
2024-06-01 22:44:30	151715531.85488364	143.57191668734018	69.95375265240888	119.00518771926244	36.42808331265982	110.04624734759112	60.994812280737555
2024-06-01 22:45:00	151715327.69654155	142.0692122956609	69.96327923557423	120.68845978448763	37.93078770433913	110.03672076442578	59.31154021551236
2024-06-01 22:45:30	151715129.24115142	140.53770365806014	69.96116971944618	122.36361108499467	39.46229634193987	110.03883028055382	57.63638891500535
2024-06-01 22:46:00	151715252.4092311	138.9874685231144	69.95627720122233	124.02870437570894	41.01253147688561	110.04372279877768	55.97129562429108
2024-06-01 22:46:30	151715064.97076228	137.42022923012547	69.96014483841734	125.69175621571085	42.57977076987454	110.03985516158268	54.30824378428915
2024-06-01 22:47:00	151714882.8321567	135.8335309575011	69.95890370310977	127.34711876840917	44.16646904249892	110.04109629689023	52.65288123159083
2024-06-01 22:47:30	151714705.86854655	134.2344759981199	69.95524186621576	128.99032253483483	45.76552400188009	110.04475813378423	51.00967746516518
2024-06-01 22:48:00	151714911.26022184	132.62445643165015	69.9558755445637	130.6251157706768	47.37554356834985	110.04412445543632	49.3748842293232
2024-06-01 22:48:30	151714744.1205615	131.00081342239002	69.95919130849516	132.2534178333133	48.99918657760997	110.04080869150485	47.7465821666867
2024-06-01 22:49:00	151714897.7575167	129.36527537945867	69.95184411322118	133.86484845750456	50.634724620541334	110.04815588677882	46.13515154249542
2024-06-01 22:49:30	151714739.96372998	127.72333394393844	69.95688951050457	135.46862449305942	52.276666056061565	110.04311048949543	44.53137550694057
2024-06-01 22:50:00	151714586.56733248	126.07200899617543	69.9509945311443	137.05206144371508	53.92799100382459	110.0490054688557	42.94793855628494
2024-06-01 22:50:30	151714437.4057154	124.41760122867781	69.95851293291597	138.62400331977992	55.58239877132219	110.04148706708405	41.37599668022011
2024-06-01 22:51:00	151714292.2846722	122.75128048140495	69.95434446550252	140.17531727181955	57.24871951859508	110.0456555344975	39.82468272818048
2024-06-01 22:51:30	151714151.0415933	121.07928033426903	69.95570820660991	141.7096634126899	58.92071966573099	110.0442917933901	38.2903365873101
2024-06-01 22:52:00	151714329.52422154	119.40288499868161	69.95491612834532	143.21885530802453	60.5971150013184	110.0450838716547	36.78114469197546
2024-06-01 22:52:30	151714572.83090594	117.72235175357685	69.95135356976223	144.69975836068974	62.27764824642316	110.04864643023777	35.30024163931027
2024-06-01 22:53:00	151714442.25787896	116.0403151252935	69.96259886659143	146.15930116838751	63.95968487470651	110.03740113340858	33.84069883161248
2024-06-01 22:53:30	151714314.6989385	114.3480018047809	69.95393427247126	147.5773546925365	65.65199819521911	110.04606572752874	32.422645307463526
2024-06-01 22:54:00	151714190.14785755	112.6552713251475	69.95180046930224	148.9595948689659	67.34472867485252	110.04819953069777	31.04040513103414
2024-06-01 22:54:30	151714068.34110072	110.95977127897726	69.95658822448605	150.3037215873344	69.04022872102277	110.04341177551395	29.6962784126656
2024-06-01 22:55:00	151714265.04737598	109.26285784522432	69.95952579243065	151.59661049073566	70.73714215477568	110.04047420756935	28.403389509264358
2024-06-01 22:55:30	151714148.16095597	107.56143276382227	69.96040593898863	152.8335744411117	72.43856723617773	110.03959406101137	27.166425558888317
2024-06-01 22:56:00	151714033.4247127	105.85799513113332	69.9594480853771	154.00497156695394	74.14200486886668	110.04055191462288	25.995028433046055
2024-06-01 22:56:30	151714298.12388572	104.15199261922945	69.95666041194322	155.10216882059473	75.84800738077055	110.0433395880568	24.897831179405276
2024-06-01 22:57:00	151714187.0827876	102.44807907757779	69.96100859801336	156.1201355368486	77.55192092242221	110.03899140198665	23.879864463151407
2024-06-01 22:57:30	151714077.61539027	100.73968247380414	69.96449397727164	157.04536860520042	79.26031752619586	110.03550602272834	22.954631394799577
2024-06-01 22:58:00	151714285.3505903	99.02995608984531	69.95713723254279	157.85500413440545	80.97004391015469	110.04286276745721	22.144995865594566
2024-06-01 22:58:30	151714178.3515224	97.31991872122948	69.95731796918396	158.55322765257569	82.68008127877053	110.04268203081605	21.446772347424336
2024-06-01 22:59:00	151714072.23883486	95.60818683607962	69.95676966549259	159.1213787427977	84.39181316392039	110.04323033450741	20.878621257202322
2024-06-01 22:59:30	151713966.84451184	93.89689939102595	69.9544698507286	159.54697878579583	86.10310060897405	110.04553014927141	20.453021214204192
2024-06-01 23:00:00	151713861.9543495	92.1870207439199	69.96012282960956	159.83087475124788	87.81297925608013	110.03987717039045	20.16912524875214
2024-06-01 23:00:30	151722462.43581605	90.47678365543979	69.96387539116863	159.95771319908326	89.52321634456021	110.03612460883137	20.042286800916745
2024-06-01 23:01:00	151723051.10715902	88.76536579261231	69.9584090651528	159.91713307453514	91.23463420738769	110.0415909348472	20.082866925464863
2024-06-01 23:01:30	151722946.4371074	87.05357478116417	69.96193988199052	159.72793070609356	92.94642521883583	110.03806011800948	20.272069293906437
2024-06-01 23:02:00	151722841.3350894	85.34490745227625	69.96368607137157	159.38439539893432	94.65509254772375	110.03631392862843	20.61560460106568
2024-06-01 23:02:30	151722735.58150548	83.63601543258481	69.96488632508122	158.89481943906816	96.36398456741522	110.03511367491878	21.105180560931856
2024-06-01 23:03:00	151722629.15889442	81.92524379924993	69.95654441669804	158.25971154645262	98.07475620075007	110.04345558330196	21.740288453547407
2024-06-01 23:03:30	151722521.63581964	80.21777770532078	69.95651167549063	157.50917585190268	99.78222229467923	110.04348832450937	22.490824148097317
2024-06-01 23:04:00	151722728.77757305	78.51212818166982	69.95626653941859	156.64661946288996	101.48787181833019	110.04373346058142	23.35338053711005
2024-06-01 23:04:30	151722618.69183522	76.80781763470831	69.9645418564383	155.69119653311895	103.1921823652917	110.03545814356171	24.30880346688104
2024-06-01 23:05:00	151722506.9293809	75.10539166152961	69.96296507855824	154.63855995062283	104.89460833847042	110.03703492144177	25.36144004937717
2024-06-01 23:05:30	151722770.7188052	73.40553688129839	69.97010944179566	153.51537243297403	106.59446311870161	110.02989055820434	26.48462756702598
2024-06-01 23:06:00	151722655.12416413	71.70604677448057	69.9590740353011	152.30782951665884	108.29395322551945	110.0409259646989	27.692170483341155
2024-06-01 23:06:30	151722537.26551175	70.01152509701095	69.96552395331666	151.05590931033893	109.98847490298907	110.03447604668334	28.94409068966108
2024-06-01 23:07:00	151722732.75520748	68.31858226301351	69.96308555465089	149.7438179735986	111.6814177369865	110.03691444534913	30.256182026401408
2024-06-01 23:07:30	151722609.85579205	66.62899885848462	69.96039681065396	148.38595126900853	113.37100114151539	110.03960318934602	31.61404873099146
2024-06-01 23:08:00	151722484.0595225	64.94362939182113	69.96586046822662	146.99436397418205	115.05637060817887	110.03413953177338	33.005636025817935
2024-06-01 23:08:30	151722355.32298496	nan	nan	nan	nan	nan	nan
2024-06-01 23:09:00	151722223.31939757	nan	nan	nan	nan	nan	nan
2024-06-01 23:09:30	151722087.96368563	nan	nan	nan	nan	nan	nan
2024-06-01 23:10:00	151722642.2046131	nan	nan	nan	nan	nan	nan
2024-06-01 23:10:30	151722499.43154895	nan	nan	nan	nan	nan	nan
2024-06-01 23:11:00	151722352.90012982	nan	nan	nan	nan	nan	nan
2024-06-01 23:11:30	151722202.1386499	nan	nan	nan	nan	nan	nan
2024-06-01 23:12:00	151722047.1221183	nan	nan	nan	nan	nan	nan
2024-06-01 23:12:30	151721887.75911197	nan	nan	nan	nan	nan	nan
2024-06-01 23:13:00	151722039.55499592	nan	nan	nan	nan	nan	nan
2024-06-01 23:13:30	151721870.8052239	nan	nan	nan	nan	nan	nan
2024-06-01 23:14:00	151721697.19868764	nan	nan	nan	nan	nan	nan
2024-06-01 23:14:30	151721895.9826537	nan	nan	nan	nan	nan	nan
2024-06-01 23:15:00	151721712.2674844	nan	nan	nan	nan	nan	nan
2024-06-01 23:15:30	151721523.1926097	nan	nan	nan	nan	nan	nan
2024-06-01 23:16:00	151721644.40206987	nan	nan	nan	nan	nan	nan
2024-06-01 23:16:30	151721444.28525794	nan	nan	nan	nan	nan	nan
2024-06-01 23:17:00	151721238.66551632	nan	nan	nan	nan	nan	nan
2024-06-01 23:17:30	151721027.09375316	nan	nan	nan	nan	nan	nan
2024-06-01 23:18:00	151720809.77026868	nan	nan	nan	nan	nan	nan
2024-06-01 23:18:30	151720963.87510654	nan	nan	nan	nan	nan	nan
2024-06-01 23:19:00	151721050.14210624	nan	nan	nan	nan	nan	nan
2024-06-01 23:19:30	151720814.56662652	nan	nan	nan	nan	nan	nan
2024-06-01 23:20:00	151729278.58706164	nan	nan	nan	nan	nan	nan
2024-06-01 23:20:30	151729030.45747152	nan	nan	nan	nan	nan	nan
2024-06-01 23:21:00	151728775.86616892	nan	nan	nan	nan	nan	nan
2024-06-01 23:21:30	151728515.00728863	nan	nan	nan	nan	nan	nan
2024-06-01 23:22:00	151728563.18040264	nan	nan	nan	nan	nan	nan
2024-06-01 23:22:30	151728289.10179803	nan	nan	nan	nan	nan	nan
2024-06-01 23:23:00	151728385.88360164	nan	nan	nan	nan	nan	nan
2024-06-01 23:23:30	151728098.60944524	nan	nan	nan	nan	nan	nan
2024-06-01 23:24:00	151727804.62646687	nan	nan	nan	nan	nan	nan
2024-06-01 23:24:30	151727504.10342053	nan	nan	nan	nan	nan	nan
2024-06-01 23:25:00	151727512.33876604	nan	nan	nan	nan	nan	nan
2024-06-01 23:25:30	151727198.31978875	nan	nan	nan	nan	nan	nan
2024-06-01 23:26:00	151726877.5559403	nan	nan	nan	nan	nan	nan
2024-06-01 23:26:30	151726550.0480367	nan	nan	nan	nan	nan	nan
2024-06-01 23:27:00	151726215.83386064	nan	nan	nan	nan	nan	nan
2024-06-01 23:27:30	151726252.35354814	nan	nan	nan	nan	nan	nan
2024-06-01 23:28:00	151726220.36686033	nan	nan	nan	nan	nan	nan
2024-06-01 23:28:30	151725866.2739444	nan	nan	nan	nan	nan	nan
2024-06-01 23:29:00	151725505.4764754	nan	nan	nan	nan	nan	nan
2024-06-01 23:29:30	151725138.11927816	nan	nan	nan	nan	nan	nan
2024-06-01 23:30:00	151724764.30182448	nan	nan	nan	nan	nan	nan
2024-06-01 23:30:30	151724384.0818773	nan	nan	nan	nan	nan	nan
2024-06-01 23:31:00	151724312.9766143	nan	nan	nan	nan	nan	nan
2024-06-01 23:31:30	151723919.9545707	nan	nan	nan	nan	nan	nan
2024-06-01 23:32:00	151723898.20780244	nan	nan	nan	nan	nan	nan
2024-06-01 23:32:30	151723492.87735558	nan	nan	nan	nan	nan	nan
2024-06-01 23:33:00	151723081.52841073	nan	nan	nan	nan	nan	nan
2024-06-01 23:33:30	151722664.16415498	nan	nan	nan	nan	nan	nan
2024-06-01 23:34:00	151722556.55123115	nan	nan	nan	nan	nan	nan
2024-06-01 23:34:30	151722127.63146555	nan	nan	nan	nan	nan	nan
2024-06-01 23:35:00	151721693.04172838	nan	nan	nan	nan	nan	nan
2024-06-01 23:35:30	151721252.89660594	nan	nan	nan	nan	nan	nan
2024-06-01 23:36:00	151720807.52154922	nan	nan	nan	nan	nan	nan
2024-06-01 23:36:30	151720734.1392109	nan	nan	nan	nan	nan	nan
2024-06-01 23:37:00	151720593.84880507	nan	nan	nan	nan	nan	nan
2024-06-01 23:37:30	151720133.0312944	nan	nan	nan	nan	nan	nan
2024-06-01 23:38:00	151719667.3603713	nan	nan	nan	nan	nan	nan
2024-06-01 23:38:30	151719196.94931224	nan	nan	nan	nan	nan	nan
2024-06-01 23:39:00	151727428.75550553	nan	nan	nan	nan	nan	nan
2024-06-01 23:39:30	151726949.52414218	nan	nan	nan	nan	nan	nan
2024-06-01 23:40:00	151726781.69256678	nan	nan	nan	nan	nan	nan
2024-06-01 23:40:30	151726671.66114417	nan	nan	nan	nan	nan	nan
2024-06-01 23:41:00	151726180.4130245	nan	nan	nan	nan	nan	nan
2024-06-01 23:41:30	151725685.41411275	nan	nan	nan	nan	nan	nan
2024-06-01 23:42:00	151725187.06423783	nan	nan	nan	nan	nan	nan
